# Created by Octave 3.2.4, Sun Dec 22 13:32:32 2013 中国标准时间 <unknown@unknown>
# name: all_theta
# type: matrix
# rows: 10
# columns: 401
 -3.074253698426016 0 0 0.0001404151392115988 -0.001298606728307044 -0.001411562983228058 0.003179491429503687 -0.03566688922038377 -0.0126876978079166 0.00127300257580351 0.0003313329731693478 1.145640613799291e-005 0.0006823550839571149 0.003210064394268435 0.001680820257464694 0.0005563546703628927 0.0004747547773967201 4.247826258537998e-005 -7.301658017697136e-006 -1.444378365816503e-010 0 -2.606335457450034e-011 2.389143801219779e-006 -0.001683185641339542 0.01527286175255978 0.01708011821982558 0.003869075430421586 -0.0508417974366062 -0.0147103596785519 0.009754631598898229 -0.004521929280169244 -0.0003879745376648205 -0.007993962010080046 -0.03408328524842109 -0.01029009203024285 0.004913219551781861 0.004422886034916269 0.01322089324318169 0.01442887830205745 -0.0001425960724669063 5.008358983694474e-005 2.044257286974549e-010 -0.0005483537140534037 0.000810522227094104 0.05186736763221372 0.09007419201054993 0.1471144711581062 0.1817032466031309 -0.009895049965564024 -0.08481746934967609 -0.001323786929763671 -0.0343972030229182 -0.006710725199225788 -0.1597116026805591 -0.2893120866239626 -0.3174188879669484 -0.08930617304370658 0.06845677061078798 0.0656887111868758 -0.0006654733783455479 0.0003851577423621256 1.100437196758044e-009 0.004327225785278849 -0.004352808916586086 -0.4143914473025391 -0.8646615248911486 -1.233785383513884 -1.545317472929028 -0.7025196550790297 -1.106440622957706 -0.1993467923157511 0.3970544611072468 -0.1390091426690351 -0.01134001901410527 -0.6382628560195145 -0.7302007399537142 -1.286711832761714 -2.298606150723304 -2.265193784790791 0.02983173061296973 -0.008455664541079964 2.791204093869801e-009 0.01556366680931414 -0.1240694941368368 -0.3898353134070699 -0.3090750981397405 -3.998647044244675 -2.756088312531937 0.209371721300518 1.650964343866265 2.287597893323212 -0.2379399482272708 -0.6031023411156327 0.5406968853593904 -0.7718780060721337 -1.387774778671006 1.771229905548366 -0.01815809726517764 -1.291782570347491 -0.08145614374079828 -0.02061477253246149 -2.781589508468401e-008 -0.01638711204544935 -0.3039993041275584 2.2351166163063 0.1318699258539968 -0.4152154300272213 -1.556060100312836 -1.624733806103185 2.430461559999693 1.845324113626013 -2.595232613745979 -1.46547953799356 0.3567265438051568 -1.197648764200582 -2.196345050572591 4.120273144183529 0.9216441243393386 -2.964382873367123 -0.3846062625056134 -0.04497198342424776 -0.0001132195514160563 0.01527315065088685 -1.089861541995542 -0.3993726497181206 -1.272529978142981 -1.294218588551866 -0.124238459936707 -1.243555815717483 -0.8355501697969347 -1.317411464066493 -1.259934923823908 -0.7247882884961825 0.3233386261378232 -0.8850276380343973 -1.897225206052708 -1.795749995145062 -0.02310451509533985 -1.740653512763045 -0.990946078727285 -0.02188803881332738 -0.000552146696647445 0.03694669680519056 -1.820427666651552 -3.028365257575843 -0.5221050728129115 -1.006412126599019 -0.2545489609722574 -0.6836879169737554 0.8659609341253515 -2.171118963645072 -2.317577536893029 -1.454267629532123 -3.126460081891399 1.343754528822846 2.11749728433371 -0.6291202470474049 -0.2730655449587868 -0.04675773073686233 -2.594885085461908 0.05191321045306575 0.01691227575937285 -0.2480354262851394 -1.368749851288391 0.09336322237976843 -2.552725635432343 -1.180504729266814 -0.258868340364117 -0.01442211696630496 -0.4100482224951699 -2.154118804048893 -0.4592975073630299 1.131716773748439 -0.3071888769200864 -2.45939360758809 0.3951289010966119 0.107040132849279 -0.9180254430317737 -1.407426514555161 -3.061434342554476 -0.4298087767692029 0.03491104520155799 -0.3916368662236727 -0.2030643177271434 -0.9561615308373627 -0.3853819390806532 -0.210563525342782 -0.3935345808323384 0.3014201073611951 0.3660110868218953 0.5626106046495445 0.9229659281127464 0.4545300758549411 1.008045820108123 0.7001470727961655 0.06590902737975826 -1.506061874416018 -0.27282125737244 -0.8153862966152183 -2.370126762087358 -0.08464125535002159 0.02467449914472605 -0.1915339910978999 0.4700203137649669 -1.638646154343065 -2.685309767313263 0.472455777337442 -0.2381007760965315 0.6393135148982323 2.683338181030551 3.0624322609127 2.005982032602806 2.531421876086861 -0.4823463857133244 2.07556619717343 -0.5408005566984418 0.3351391287841314 -0.397046495578736 -1.03033662255002 -1.499253119643785 0.1060854623126047 0.02421189046939583 -0.296639482286168 -0.09926001826581975 2.94722528263271 0.3302279879964737 -0.6101366162172137 -0.989814895511156 2.152076611868819 1.306321428471634 0.7249051237433022 -1.136806889405586 0.02188150883931329 -1.914442711522005 -1.347476035915358 0.7898771731024168 0.9547306916593866 0.6400413283059126 -3.192862032147481 -2.025800803275002 -0.0477635526071922 0.03381206941417823 -0.3031173880010323 -2.52077099830657 -2.894974639418865 -1.518913177628741 -2.060606538056379 -0.5310549523476302 0.2860929041158894 -0.1512225235508745 0.08345548191955589 0.7474333655811265 1.46269474284506 -0.8644812955616535 -0.6031677788597128 -1.334993304604414 -1.178252158637966 2.492230602301086 1.398964703671707 -1.342009526050219 -0.1459960717638987 0.01297218297586688 -0.214185082561722 -0.7034473940050751 1.785868648009418 0.6371986029989575 2.109262873905578 -1.062742162253171 -1.280537126825944 2.089946261521582 -1.40447995977972 -1.189139099734789 -2.522646545071813 -1.515791422379937 1.152194651048702 1.83033176109051 -0.9407574019303369 0.6211293958085449 0.2959452834905116 -1.020638446121403 -0.0144665759938977 0.001912998747178581 0.003142199199007753 -0.7195535937982697 -1.112185477967773 0.0277351088660527 -0.7999555313600002 -1.274833034680685 -0.844498134040262 -2.80888334120293 -2.202614483522337 -0.9747459549066088 -1.880347679114748 -0.9441277103242225 2.218116197620877 -1.316232254075436 0.008478122730050842 3.206027843101392 -1.750447091605477 -0.6948018643141988 -0.05529711552740699 -0.0001734590142540583 0.0175572941217415 -0.2729772006399253 -0.7215121939875149 -0.8709070321037939 1.123672961430438 -0.2156561971169826 -1.761801199283929 -1.227351830977767 -0.9382013619140936 -1.400602193758827 -1.878054878052073 -1.559492130044837 -1.681202674420905 -0.3744952784687216 0.6345228405605747 0.08086523567724059 -2.11624652052002 -0.01468830816829126 -0.01536303948840615 -5.983514025849509e-006 -0.008537676653967447 0.004707499703487421 1.139296551541234 -1.151770022883982 -1.166354692918355 -1.349083574231022 -1.110869765769338 -0.3136440468667929 -0.2074637895663449 0.02262597657386789 0.02873579366228268 -0.5930159625982142 0.7770623298466544 0.8754102033222523 -0.8570657510811774 -0.9929285507334379 -0.3414279888338586 -0.006163260298706602 -0.01738125753004805 7.244344576136456e-008 -0.002081505991447129 0.00676570959067139 0.2694086213515492 -1.450181194635004 -1.602760707099723 -0.5927973166316458 0.2026335808039567 0.1096222536967703 -0.1883707248742752 0.0388315699537267 -0.02368306924660848 -0.129260432038695 0.8466154188538556 2.875501726308869 3.219043659666313 0.8804843569232538 -0.2202377854567783 -0.007798529556874722 -0.00146839119794994 -2.825349122226069e-009 0.0004173705144186381 0.0048651857072341 -0.07186502513685254 -0.459204127753359 -0.09558610922344062 -0.1501472176493745 0.9495574133677851 0.7570761255905902 -0.1074872614373698 0.4082971686071147 0.08052938211806777 -0.04631523457517365 -0.005104243292145598 0.5596006914591546 2.351828383248799 0.6428458569693599 -0.06949388592744132 0.0004833223750980851 0.0002985837169207085 0 -2.551133133279177e-005 0.0002891902119630747 -0.00177205960382596 0.03550258017354466 0.009297227675385098 0.01052040485282195 -0.08880622795662393 -0.07220988570145692 0.01291816306930734 0.07347621934007618 -0.001591428496774732 0.1260841987810557 0.5713184501273363 -0.01053827552812407 -0.220877351603385 -0.05518860180640655 0.006827243918009599 